	category, count, min, max, avg
1-1.xml   : [RBC, 381, 55, 104, 31775, 83.399, ]      [Platelets, 23, 28, 49, 656, 28.522, ]    
1-2.xml   : [RBC, 369, 73, 111, 31609, 85.661, ]      [Platelets, 25, 33, 35, 597, 23.88, ]     
1-3.xml   : [RBC, 376, 78, 110, 29845, 79.375, ]      [Platelets, 16, 28, 45, 514, 32.125, ]    
11-1.xml  : [RBC, 242, 103, 109, 22604, 93.405, ]     [Platelets, 28, 50, 66, 1266, 45.214, ]   
11-2.xml  : [RBC, 258, 63, 114, 25287, 98.012, ]      [Platelets, 24, 56, 56, 1007, 41.958, ]   
11-3.xml  : [RBC, 260, 102, 121, 25998, 99.992, ]     [Platelets, 24, 40, 61, 1018, 42.417, ]   
12-1.xml  : [RBC, 329, 87, 115, 30532, 92.802, ]      [Platelets, 15, 32, 53, 543, 36.2, ]      
12-2.xml  : [RBC, 355, 81, 105, 32184, 90.659, ]      [Platelets, 23, 32, 41, 710, 30.87, ]     
12-3.xml  : [RBC, 321, 98, 109, 30333, 94.495, ]      [Platelets, 9, 30, 36, 280, 31.111, ]     
13-1.xml  : [RBC, 276, 89, 108, 25882, 93.775, ]      [Platelets, 29, 26, 50, 1066, 36.759, ]   
13-2.xml  : [RBC, 277, 94, 112, 26409, 95.339, ]      [Platelets, 27, 36, 50, 902, 33.407, ]    
13-3.xml  : [RBC, 273, 100, 113, 25996, 95.223, ]     [Platelets, 19, 27, 50, 613, 32.263, ]    
15-1.xml  : [RBC, 274, 87, 124, 25919, 94.595, ]      [Platelets, 31, 61, 61, 1004, 32.387, ]   
15-2.xml  : [RBC, 315, 94, 108, 27447, 87.133, ]      [Platelets, 34, 19, 45, 993, 29.206, ]    
15-3.xml  : [RBC, 285, 98, 110, 25826, 90.618, ]      [Platelets, 28, 19, 52, 944, 33.714, ]    
16-1.xml  : [RBC, 146, 90, 98, 12425, 85.103, ]       [Platelets, 10, 24, 38, 272, 27.2, ]      
16-2.xml  : [RBC, 154, 88, 120, 12653, 82.162, ]      [Platelets, 13, 34, 41, 335, 25.769, ]    
16-3.xml  : [RBC, 161, 82, 94, 12498, 77.627, ]       [Platelets, 12, 23, 27, 258, 21.5, ]      
17-1.xml  : [RBC, 180, 89, 99, 14850, 82.5, ]         [Platelets, 4, 21, 39, 108, 27.0, ]       
17-2.xml  : [RBC, 191, 84, 109, 14974, 78.398, ]      [Platelets, 9, 24, 48, 246, 27.333, ]     
17-3.xml  : [RBC, 186, 74, 120, 13575, 72.984, ]      [Platelets, 9, 23, 33, 214, 23.778, ]     
18-1.xml  : [RBC, 150, 86, 97, 12524, 83.493, ]       [Platelets, 4, 30, 32, 113, 28.25, ]      
18-2.xml  : [RBC, 150, 94, 140, 12475, 83.167, ]      [Platelets, 7, 24, 55, 191, 27.286, ]     
18-3.xml  : [RBC, 155, 77, 114, 12742, 82.206, ]      [Platelets, 5, 27, 37, 126, 25.2, ]       
19-1.xml  : [RBC, 153, 77, 134, 12563, 82.111, ]      [Platelets, 9, 31, 41, 242, 26.889, ]     
19-2.xml  : [RBC, 154, 95, 97, 11422, 74.169, ]       [Platelets, 15, 26, 39, 391, 26.067, ]    
19-3.xml  : [RBC, 178, 83, 141, 14836, 83.348, ]      [Platelets, 14, 22, 30, 344, 24.571, ]    
2-1.xml   : [RBC, 293, 64, 103, 24293, 82.911, ]      [Platelets, 24, 30, 40, 670, 27.917, ]    
2-2.xml   : [RBC, 294, 58, 107, 23964, 81.51, ]       [Platelets, 20, 21, 41, 515, 25.75, ]     
2-3.xml   : [RBC, 303, 60, 107, 25189, 83.132, ]      [Platelets, 15, 21, 36, 384, 25.6, ]      
20-1.xml  : [RBC, 164, 78, 90, 12811, 78.116, ]       [Platelets, 12, 26, 32, 297, 24.75, ]     
20-2.xml  : [RBC, 147, 92, 94, 11432, 77.769, ]       [Platelets, 13, 25, 40, 325, 25.0, ]      
20-3.xml  : [RBC, 145, 84, 86, 10753, 74.159, ]       [Platelets, 9, 28, 28, 205, 22.778, ]     
3-1.xml   : [RBC, 357, 101, 115, 31256, 87.552, ]     [Platelets, 16, 27, 51, 459, 28.688, ]    
3-2.xml   : [RBC, 375, 94, 108, 31667, 84.445, ]      [Platelets, 19, 36, 38, 528, 27.789, ]    
3-3.xml   : [RBC, 164, 68, 101, 13943, 85.018, ]      [Platelets, 20, 29, 59, 658, 32.9, ]      
6-1.xml   : [RBC, 333, 77, 102, 28323, 85.054, ]      [Platelets, 0, 100, 0, 0, 0, ]            
6-2.xml   : [RBC, 377, 82, 105, 31372, 83.215, ]      [Platelets, 34, 24, 37, 995, 29.265, ]    
6-3.xml   : [RBC, 399, 95, 111, 33808, 84.732, ]      [Platelets, 19, 32, 35, 553, 29.105, ]    
7-1.xml   : [RBC, 303, 76, 104, 25677, 84.743, ]      [Platelets, 41, 41, 45, 1305, 31.829, ]   
7-2.xml   : [RBC, 338, 76, 104, 28245, 83.565, ]      [Platelets, 14, 32, 42, 424, 30.286, ]    
7-3.xml   : [RBC, 317, 83, 102, 25954, 81.874, ]      [Platelets, 22, 26, 44, 619, 28.136, ]    
8-1.xml   : [RBC, 321, 65, 105, 28738, 89.526, ]      [Platelets, 12, 24, 36, 376, 31.333, ]    
8-2.xml   : [RBC, 335, 98, 106, 29947, 89.394, ]      [Platelets, 11, 46, 46, 438, 39.818, ]    
8-3.xml   : [RBC, 302, 86, 109, 26442, 87.556, ]      [Platelets, 13, 26, 53, 432, 33.231, ]    
────────────────────────────────────────
Total     : [RBC, 11816, 55, 141, 1018997, 86.239, ]  [Platelets, 780, 19, 66, 24136, 30.944, ] 